reset,op,funcht,zero,pcen,memwr,irwr,regwr,alusrca,iord,mem2reg,regdest,alusrcb,pcsrc,alucontrol
1 000000 100000 0 1 0 1 0 0 0 0 0 01 00 010
0 000000 100000 0 0 0 0 0 0 0 0 0 11 00 010
0 000000 100000 0 0 0 0 0 1 0 0 0 00 00 010
0 000000 100000 0 0 0 0 1 0 0 0 1 00 00 010
sub
0 000000 100010 0 1 0 1 0 0 0 0 0 01 00 010
0 000000 100010 0 0 0 0 0 0 0 0 0 11 00 010
0 000000 100010 0 0 0 0 0 1 0 0 0 00 00 110 
0 000000 100010 0 0 0 0 1 0 0 0 1 00 00 010
and
0 000000 100100 0 1 0 1 0 0 0 0 0 01 00 010
0 000000 100100 0 0 0 0 0 0 0 0 0 11 00 010
0 000000 100100 0 0 0 0 0 1 0 0 0 00 00 000
0 000000 100100 0 0 0 0 1 0 0 0 1 00 00 010
or
0 000000 100101 0 1 0 1 0 0 0 0 0 01 00 010
0 000000 100101 0 0 0 0 0 0 0 0 0 11 00 010
0 000000 100101 0 0 0 0 0 1 0 0 0 00 00 001
0 000000 100101 0 0 0 0 1 0 0 0 1 00 00 010
slt
0 000000 101010 0 1 0 1 0 0 0 0 0 01 00 010
0 000000 101010 0 0 0 0 0 0 0 0 0 11 00 010
0 000000 101010 0 0 0 0 0 1 0 0 0 00 00 111
0 000000 101010 0 0 0 0 1 0 0 0 1 00 00 010
lw
0 100011 000000 0 1 0 1 0 0 0 0 0 01 00 010
0 100011 000000 0 0 0 0 0 0 0 0 0 11 00 010
0 100011 000000 0 0 0 0 0 1 0 0 0 10 00 010
0 100011 000000 0 0 0 0 0 0 1 0 0 00 00 010
0 100011 000000 0 0 0 0 1 0 0 1 0 00 00 010
sw
0 101011 000000 0 1 0 1 0 0 0 0 0 01 00 010
0 101011 000000 0 0 0 0 0 0 0 0 0 11 00 010
0 101011 000000 0 0 0 0 0 1 0 0 0 10 00 010
0 101011 000000 0 0 1 0 0 0 1 0 0 00 00 010
beq
0 000100 000000 0 1 0 1 0 0 0 0 0 01 00 010
0 000100 000000 0 0 0 0 0 0 0 0 0 11 00 010
0 000100 000000 0 0 0 0 0 1 0 0 0 00 01 110
beq
0 000100 000000 1 1 0 1 0 0 0 0 0 01 00 010
0 000100 000000 1 0 0 0 0 0 0 0 0 11 00 010
0 000100 000000 1 1 0 0 0 1 0 0 0 00 01 110
addi
0 001000 000000 0 1 0 1 0 0 0 0 0 01 00 010
0 001000 000000 0 0 0 0 0 0 0 0 0 11 00 010
0 001000 000000 0 0 0 0 0 1 0 0 0 10 00 010
0 001000 000000 0 0 0 0 1 0 0 0 0 00 00 010
j
0 000010 000000 0 1 0 1 0 0 0 0 0 01 00 010
0 000010 000000 0 0 0 0 0 0 0 0 0 11 00 010
0 000010 000000 0 1 0 0 0 0 0 0 0 00 10 010