0 1 2 3 4 5 6 7 1 0 0 0
0 1 2 3 4 5 6 7 1 0 1 000 111
0 1 2 3 4 5 6 7 1 0 1 001 110
0 1 2 3 4 5 6 7 1 0 1 010 101
7, 6, 5, 4, 3, 2, 1, 0 1 0 1 011 100
0 1 2 3 4 5 6 7 0 1 0  -1  -1
0 1 2 3 4 5 6 7 1 0 1 000 001
0 1 2 3 4 5 6 7 1 0 1 001 010
0 1 2 3 4 5 6 7 1 0 1 010 011
0 1 2 3 4 5 6 7 1 0 1 011 100
0 1 2 3 4 5 6 7 1 0 1 100 101
0 1 2 3 4 5 6 7 1 0 1 101 110
1, 2, 3, 4, 5, 6, 7, 0 1 0 1 110 111
0 1 2 3 4 5 6 7 0 1 0  -1  -1
0 1 2 3 4 5 6 7 1 0 1 000 011
0 1 2 3 4 5 6 7 1 0 1 010 101
0 1 2 3 4 5 6 7 1 0 1 011 110
0 1 2 3 4 5 6 7 1 0 1 100 110
0 1 2 3 4 5 6 7 1 0 1 101 110
3, 1, 5, 6, 0, 7, 2, 4 1 0 1 101 111